616
616
616
616
616
616
616
616
616
616
616
616
228
236
329
335
430
434
531
533
733
731
834
830
935
929
1036
1028
616
616
616
616
616
616
616
616
616
616
616
616
228
236
329
335
430
434
531
533
733
731
834
830
935
929
1036
1028
1513
1513
1513
1513
1513
1513
1513
1513
1513
1513
1513
1513
1122
1130
1223
1229
1324
1328
1425
1427
1627
1625
1728
1724
1829
1823
1930
1922
816
816
816
816
816
816
816
816
816
816
816
816
428
436
529
535
630
634
731
733
933
931
1034
1030
1135
1129
1236
1228
517
517
517
517
517
517
517
517
517
517
517
517
130
138
231
237
332
336
433
435
635
633
736
732
837
831
938
930
809
809
809
809
809
809
809
809
809
809
809
809
414
422
515
521
616
620
717
719
919
917
1020
1016
1121
1115
1222
1214
1610
1610
1610
1610
1610
1610
1610
1610
1610
1610
1610
1610
1216
1224
1317
1323
1418
1422
1519
1521
1721
1719
1822
1818
1923
1917
2024
2016
1411
1411
1411
1411
1411
1411
1411
1411
1411
1411
1411
1411
1018
1026
1119
1125
1220
1224
1321
1323
1523
1521
1624
1620
1725
1719
1826
1818
613
613
613
613
613
613
613
613
613
613
613
613
222
230
323
329
424
428
525
527
727
725
828
824
929
923
1030
1022
514
514
514
514
514
514
514
514
514
514
514
514
123
132
225
231
326
330
426
428
629
627
730
726
831
825
932
924
1313
1313
1313
1313
1313
1313
1313
1313
1313
1313
1313
1313
922
930
1023
1029
1124
1128
1225
1227
1427
1425
1528
1524
1629
1623
1730
1722
1312
1312
1312
1312
1312
1312
1312
1312
1312
1312
1312
1312
919
927
1020
1027
1122
1126
1223
1225
1425
1423
1526
1522
1627
1621
1728
1720
512
512
512
512
512
512
512
512
512
512
512
512
120
128
221
227
322
326
423
425
625
623
726
722
826
820
927
919
614
614
614
614
614
614
614
614
614
614
614
614
224
232
325
331
425
429
527
529
729
727
830
826
931
925
1032
1024
708
708
708
708
708
708
708
708
708
708
708
708
312
320
413
419
514
518
615
617
817
815
918
914
1019
1013
1120
1112
1115
1115
1115
1115
1115
1115
1115
1115
1115
1115
1115
1115
726
734
827
833
928
932
1029
1031
1231
1229
1332
1328
1433
1427
1534
1526
712
712
712
712
712
712
712
712
712
712
712
712
320
328
421
427
522
526
623
625
824
822
925
921
1027
1020
1128
1120
419
419
419
419
419
419
419
419
419
419
419
419
34
42
135
141
236
240
337
339
539
537
640
636
741
735
842
834
711
711
711
711
711
711
711
711
711
711
711
711
318
326
419
425
520
524
621
623
823
821
924
920
1025
1019
1126
1118
712
712
712
712
712
712
712
712
712
712
712
712
320
328
421
427
522
526
623
625
824
822
925
921
1027
1020
1128
1120
909
909
909
909
909
909
909
909
909
909
909
909
514
522
615
621
716
720
817
819
1019
1017
1120
1116
1221
1215
1322
1314
811
811
811
811
811
811
811
811
811
811
811
811
418
426
519
525
620
624
721
723
923
921
1024
1020
1125
1119
1226
1218
1516
1516
1516
1516
1516
1516
1516
1516
1516
1516
1516
1516
1128
1136
1229
1235
1330
1334
1431
1433
1633
1631
1734
1730
1835
1829
1936
1928
714
714
714
714
714
714
714
714
714
714
714
714
324
332
424
430
526
530
627
629
829
827
930
926
1031
1025
1132
1124
615
615
615
615
615
615
615
615
615
615
615
615
226
234
327
333
428
432
529
531
731
729
832
828
933
927
1034
1026
512
512
512
512
512
512
512
512
512
512
512
512
120
128
221
227
322
326
423
425
625
623
726
722
826
820
927
919
906
906
906
906
906
906
906
906
906
906
906
906
507
516
609
615
710
714
811
813
1013
1011
1114
1110
1215
1209
1316
1308
